-11.990384615384615
-12.018518518518519
-10.919642857142858
-11.974137931034482
-11.558333333333334
-14.129032258064516
-12.96875
9.916666666666666
-0.9705882352941176
4.2214285714285715
8.006944444444445
8.986486486486486
10.013157894736842
21.134615384615383
0.0125
24.317073170731707
4.178571428571429
22.83139534883721
22.511363636363637
19.0
21.5
21.601063829787233
63.880208333333336
98.51530612244898
126.815
136.0343137254902
148.8653846153846
211.26415094339623
241.29166666666666
258.0590909090909
